SAMBAT Sea Ti  C/T/D/Tbd/Odo/Fluo GPS :6   50150 
V:0,Pressure (0/10),dba
V:1,Temperature (-5/35),°C
V:2,Salinity (2/42),g/l
V:3,Turbidity (0/300),NTU
V:4,Oxygen (0/20),mgl
V:5,Fluorescence (0/50),µgl
V:6,Battery voltage,V
110519111210   -0.083 29.501 0.014 0.000 7.812 0.090 10.841 
110519111309 -0.083 29.476 0.013 0.000 7.812 0.088 10.860 
110519111409 -0.083 29.452 0.013 0.000 7.814 0.086 10.872
110519111509 -0.083 29.427 0.014 0.000 7.814 0.076 10.880 
110519111609 -0.083 29.401 0.013 0.000 7.814 0.079 10.886 
110519111709 -0.084 29.383 0.014 0.000 7.816 0.083 10.890 
110519111809 -0.083 29.365 0.014 0.000 7.816 0.078 10.893 
110519111909 -0.083 29.363 0.013 0.000 7.814 0.070 10.895 
110519112009 -0.083 29.353 0.014 0.000 7.812 0.064 10.896 
110519112109 -0.083 29.338 0.013 0.000 7.815 0.085 10.897 
110519112209 -0.083 29.325 0.013 0.000 7.814 0.069 10.898 
110519112309 -0.083 29.307 0.014 0.000 7.814 0.079 10.898 
110519112409 -0.083 29.304 0.014 0.000 7.813 0.086 10.899 
110519112509 -0.083 29.289 0.014 0.000 7.820 0.072 10.900 
110519112609 -0.083 29.273 0.014 0.000 7.828 0.079 10.900 
110519112709 -0.083 29.275 0.014 0.000 7.831 0.079 10.900 
